13121122123221222223321322323
13123133213233313323333
13133233313323333
13233323333
13323333
13333
13111112113121122123131132133211212213221222223231232233311312313321322323331332333
13323
13313333
13313323333
13133313323333
13133323333
13123222321
13123333
13123
13123321
13123323333
13123323
13123233323333
13123313333
13123313323333
13123133233313323333
13123133313323333
13123133323333
13123133223233323333
13133223233323333
13223233323333
13223323333
13223333
13223323
13223233333
13133223233333
13123223233323333
13123223323333
13123223333
13123223323
13123223233333
13123133223233333
13121122221222223322323
13121221222223323
13121222323
13122133
13121123222321323
13121123222323
13122123133
13122123132133
13121123221222223323
13121122123221222223322323
13123132223232323332
13123232323
13232323
13223232323332
13123223232323332
13122123132133211311
13122133211311
13122123133211311
13122123132133222223232233322323332333
13123132222223232233322323332333
13222223232233322323332333
13222232233322323333
13222233322323333
13222322323333
13222323333
13222333
13222322333
13222233323333
13222233322333
13222232323333
13222223233322323333
13222223322323333
13222223323333
13222223232323332333
13123222223232233322323332333
13123222232233322323333
13123222233322323333
13123222322323333
13123222323333
13123222333
13123222322333
13123222233323333
13123222233322333
13123222232323333
13123222223233322323333
13123222223322323333
13123222223323333
13123222223232323332333
13123132222233322333
13123132222333
13123132222223232323332333
13123133222223232233322323332333
13133222223232233322323332333
13133222232233322323333
13133222233322323333
13133222322323333
13133222323333
13133222333
13133222322333
13133222233323333
13133222233333
13133222233322333
13133222232323333
13133222223233322323333
13133222223233323333
13133222223233333
13133222223233322333
13133222223233322332333
13123133222232233322323333
13123133222233322323333
13123133222322323333
13123133222323333
13123133222333
13123133222322333
13123133222233323333
13123133222233333
13123133222233322333
13123133222232323333
13123133222223233322323333
13123133222223233323333
13123133222223233333
13123133222223233322333
13123133222223233322332333
13122133222223232233322323332333
13122133222232233322323333
13122133222233322323333
13122133222322323333
13122133222333
13122133222322333
13122133222233322333
13122133222223233322323333
13122123133222223232233322323332333
13122123133222232233322323333
13122123133222233322323333
13122123133222322323333
13122123133222333
13122123133222322333
13122123133222233322333
13122123133222223233322323333
13122123132133222233322333
13122123132133222333
13123132213231312321
13123231312
13111122123132133211222223232233311322323332333
13111122123133211222232233311322323333
13111123133222232233311322323333
13111133222232233311322323333
13111133222232311323333
13111222232323333
13111222323333
13111222333
13111133222311323333
13111133222323333
13111133222313323333
13111222313323333
13111222322333
13111222233323333
13111133222233311322333
13111133222233322333
13111133222322333
13111222233322333
13111133222232233322323333
13111133222233322323333
13111133222322323333
13111222322323333
13111222233322323333
13111222232233322323333
13111133222233311322323333
13111123133222232311323333
13111123222232323333
13111123222323333
13111123222333
13111123133222311323333
13111123133222323333
13111123133222313323333
13111123222313323333
13111123222322333
13111123222233323333
13111123133222233311322333
13111123133222233322333
13111123133222322333
13111123222233322333
13111123133222232233322323333
13111123133222233322323333
13111123133222322323333
13111123222322323333
13111123222233322323333
13111123222232233322323333
13111123133222233311322323333
13111122133211222232233311322323333
13111122133211222311333
13111122133222333
13111122133222322333
13111122133211222233311322333
13111122133222233322333
13111122133222232233322323333
13111122133222233322323333
13111122133222322323333
13111133222223233333
13111133222223233322333
13111133222223233322332333
13111133222223233311322332333
13111133222223233311322333
13111122133211222233311322323333
13111122123133211222311333
13111122123133222333
13111122123133222322333
13111122123133211222233311322333
13111122123133222233322333
13111122123133222232233322323333
13111122123133222233322323333
13111122123133222322323333
13111123133222223233333
13111123133222223233322333
13111123133222223233322332333
13111123133222223233311322332333
13111123133222223233311322333
13111122123133211222233311322323333
13111122123132133211222233311322333
13111123132222233322333
13111123222321333
13111122123132133211222311333
13111122123132133222333
13111122123132133222233322333
13111123133222223232233311322323332333
13111133222223232233311322323332333
13111222223232323332333
13111222223323333
13111133222223233323333
13111222223322323333
13111133222223232233322323332333
13111133222223233322323333
13111222223233322323333
13111222223232233322323332333
13111133222223233311322323333
13111123222223232323332333
13111123222223323333
13111123133222223233323333
13111123222223322323333
13111123133222223232233322323332333
13111123133222223233322323333
13111123222223233322323333
13111123222223232233322323332333
13111123133222223233311322323333
13111123132222223232233322323332333
13111123132222223232323332333
13111122133211222223232233311322323332333
13111122133222223232233322323332333
13111122133222223233322323333
13111122133211222223233311322323333
13111122123132133222223232233322323332333
13111122123133222223233322323333
13111122123133222223232233322323332333
13111122123133211222223233311322323333
13111122123133211222223232233311322323332333
13111121122123131133222322323333
13111121123221222223323333
13111121221222223323333
13111121122131133222322323333
13111131133222322323333
13111123131133222322323333
13111113123131133213222223232233311313322323331332333
13111123131133213222232233311313322323333
13111131133222232233311313322323333
13111133222233313323333
13111123133213222233313323333
13111123133222233313323333
13111123131133222232233311313322323333
13111113131133222223232233311313322323331332333
13111121122211212222232233322323333
13111121122221222223322323333
13111121122123221222223321322323333
13111121122123221222223322323333
13111121122123211212222232233322323333
13111113123131133222223232233311313322323331332333
13111123222231312333
13111121122123131133211212213222232233311313322323333
13111121122131133211212222232233311313322323333
13111121122123131133211212222232233311313322323333
13111123132213222231312321333
13111112113121122131133211212221222223232233311313322323331332333
13111112113121122123131133211212221222223232233311313321322323331332333
13111112113121122123131133211212221222223232233311313322323331332333
13111112113121122123131133211212221222223231232233311312313322323331332333
